274.455631
144.562165
145.447930
102.494312
103.148846
77.529578
78.104111
59.933555
60.482924
46.445992
46.946580
35.482167
35.884370
26.142479
26.429797
17.923221
18.114221
10.559605
10.698960
3.932867
4.077616
-2.001214
-1.810029
-7.291636
-7.046340
-12.023941
-11.741021
-16.304392
-16.007676
-20.232849
-19.942184
-23.890583
-23.625763
-27.358250
-27.150349
-30.725958
-30.595087
-34.042926
-33.973851
-37.277936
-37.214389
-40.322524
-40.189735
-43.048091
-42.793330
-45.388235
-45.016540
-47.397404
-46.965334
-49.179747
-48.676011
-50.677754
-50.024468
-51.744560
-50.889886
-52.331661
-51.338375
-52.647065
-51.722969
-53.131715
-52.457237
-54.068960
-53.648926
-55.381705
-55.049675
-56.683493
-56.202484
-57.558613
-56.857781
-58.011072
-57.285993
-58.463831
-57.871887
-59.144435
-58.675421
-59.976355
-59.520209
-60.715407
-60.124623
-61.077502
-60.245374
-60.907918
-59.860133
-60.338421
-59.217048
-59.615635
-58.437656
-58.694542
-57.333807
-57.286615
-55.576571
-55.090867
-52.949455
-52.012408
-49.496552
-48.228702
-45.500548
-44.081803
-41.307598
-39.867487
-37.119392
-35.663180
-32.870681
-31.270411
-28.309540
-26.509607
-23.400474
-21.477888
-18.323805
-16.376388
-13.231798
-11.236016
-7.964189
-5.673711
-2.003594
0.768012
4.895444
8.079170
12.487469
15.828908
20.226252
23.448986
27.646646
30.719815
34.902299
38.198509
42.749687
46.486828
51.426836
55.463852
60.539704
64.558242
69.426970
73.094222
77.471064
80.590758
84.409945
87.076527
90.592125
93.133825
96.594913
99.093496
102.435763
104.728291
107.738762
109.609602
112.109767
113.443418
115.395523
116.231727
117.740087
118.222781
119.442062
119.707732
120.738890
120.848631
121.716688
121.659663
122.322151
122.046990
122.471153
121.969760
122.168031
121.466206
121.469801
120.592705
120.407391
119.324690
118.881585
117.518504
116.777075
115.138554
114.145812
112.311507
111.167725
109.243755
108.043847
106.090716
104.833095
102.758315
101.269327
98.902172
97.098232
94.455153
92.432076
89.662028
87.596802
84.883086
82.946845
80.429633
78.712334
76.412556
74.853762
72.632692
71.060029
68.789261
67.161510
64.874043
63.270721
61.065166
59.580865
57.531867
56.212507
54.333813
53.163803
51.418013
50.349445
48.689515
47.685679
46.087922
45.133855
43.584672
42.664573
41.147837
40.250662
38.763850
37.896414
36.453220
35.631997
34.246339
33.478182
32.146440
31.416447
30.113976
29.393584
28.095890
27.370313
26.072805
25.345906
24.057598
23.340195
22.070467
21.368697
20.119666
19.432411
18.201040
17.525249
16.309538
15.644757
14.445265
13.792627
12.610467
11.971011
10.806864
10.180805
9.033928
8.419814
7.288457
6.684367
5.565524
4.966717
3.853411
3.251018
2.133472
1.519256
0.392745
-0.233975
-1.366995
-2.001663
-3.135882
-3.773329
-4.904452
-5.541243
-6.666481
-7.299865
-8.416384
-9.043432
-10.148789
-10.768394
-11.864153
-12.481441
-13.576846
-14.204576
-15.313869
-15.964382
-17.095463
-17.770826
-18.919898
-19.611298
-20.766513
-21.461441
-22.612282
-23.304208
-24.449356
-25.141941
-26.288611
-26.989738
-28.144088
-28.857977
-30.024601
-30.759681
-31.954631
-32.735722
-33.989574
-34.847152
-36.184195
-37.130665
-38.547398
-39.561548
-41.020117
-42.051305
-43.495858
-44.493085
-45.886996
-46.834877
-48.188405
-49.123947
-50.494387
-51.476838
-52.907884
-53.959568
-55.453185
-56.559001
-58.088032
-59.214099
-60.743151
-61.856775
-63.359035
-64.440982
-65.905253
-66.951385
-68.378795
-69.393036
-70.787774
-71.772167
-73.132760
-74.082320
-75.402967
-76.317761
-77.614479
-78.532620
-79.859323
-80.836346
-82.238351
-83.300188
-84.777219
-85.894038
-87.387708
-88.477994
-89.893515
-90.863180
-92.124885
-92.934078
-94.049035
-94.752509
-95.802147
-96.459776
-97.446230
-98.006033
-98.846954
-99.224256
-99.862383
-100.054873
-100.566496
-100.735782
-101.328581
-101.658138
-102.443057
-102.955400
-103.867186
-104.419733
-105.257505
-105.627125
-106.209075
-106.322346
-106.726083
-106.793439
-107.254811
-107.433899
-108.009847
-108.272921
-108.873339
-109.089487
-109.559616
-109.565393
-109.751362
-109.426841
-109.271676
-108.648993
-108.285173
-107.559629
-107.149377
-106.380367
-105.880480
-104.940677
-104.159737
-102.831006
-101.569576
-99.705633
-97.892698
-95.508569
-93.242496
-90.504458
-87.994506
-85.125078
-82.576671
-79.735711
-77.238089
-74.424798
-71.878721
-68.925303
-66.178666
-63.017708
-60.091302
-56.803973
-53.803934
-50.480296
-47.437969
-44.007245
-40.728806
-36.931879
-33.205417
-28.948137
-24.807981
-20.236608
-15.911532
-11.299140
-7.055588
-2.589586
1.547081
6.073960
10.513015
15.509775
20.469134
25.934101
31.239515
36.882550
42.180049
47.622567
52.541085
57.454309
61.751620
66.031388
69.786764
73.712142
77.326082
81.227992
84.829333
88.649883
92.054294
95.538581
98.475923
101.386663
103.686987
105.941760
107.616027
109.309343
110.512400
111.828602
112.743764
113.841904
114.591065
115.549996
116.163596
116.959412
117.368586
117.924476
118.078031
118.374987
118.281175
118.347443
118.043645
117.911072
117.403970
117.037932
116.263707
115.608800
114.546247
113.618827
112.315990
111.187643
109.728911
108.480826
106.920034
105.546087
103.782450
102.098270
99.959186
97.893584
95.418912
93.096027
90.463473
88.086508
85.503312
83.266196
80.895402
78.909444
76.787610
74.995747
72.968179
71.160904
69.060938
67.180624
65.048754
63.195359
61.152776
59.439138
57.572940
56.051430
54.376780
53.028438
51.500650
50.267337
48.827949
47.661216
46.276317
45.154842
43.810044
42.722039
41.407864
40.348674
39.067698
38.047345
36.814331
35.847381
34.670884
33.754795
32.618241
31.722505
30.586404
29.674362
28.517151
27.587545
26.427527
25.513277
24.388425
23.522224
22.453511
21.642249
20.622965
19.849143
18.855111
18.092105
17.097561
16.322485
15.308201
14.505633
13.460038
12.622517
11.542562
10.671531
9.562683
8.666571
7.538611
6.626727
5.486749
4.562739
3.410436
2.470829
1.302977
0.349797
-0.823951
-1.775318
-2.938789
-3.876661
-5.025472
-5.951755
-7.090919
-8.011500
-9.147020
-10.067694
-11.205237
-12.132074
-13.279089
-14.221936
-15.391266
-16.365011
-17.570085
-18.582738
-19.824736
-20.871736
-22.143276
-23.218712
-24.520453
-25.635713
-26.989336
-28.170862
-29.601291
-30.867747
-32.383559
-33.729935
-35.310834
-36.703214
-38.305953
-39.697291
-41.277039
-42.630259
-44.161837
-45.465926
-46.953030
-48.225384
-49.696708
-50.972069
-52.460418
-53.764334
-55.287667
-56.631846
-58.197133
-59.585264
-61.193970
-62.625699
-64.275264
-65.744626
-67.423891
-68.912513
-70.594149
-72.064955
-73.702783
-75.103097
-76.643755
-77.930476
-79.358056
-80.561011
-81.955252
-83.175737
-84.618091
-85.896111
-87.381358
-88.669376
-90.115167
-91.307212
-92.599270
-93.592822
-94.659785
-95.426069
-96.283321
-96.873511
-97.587810
-98.051764
-98.630079
-98.936283
-99.337310
-99.467117
-99.719279
-99.750483
-99.957234
-99.989580
-100.227261
-100.303351
-100.578536
-100.673561
-100.940450
-101.004323
-101.231709
-101.282461
-101.558586
-101.717095
-102.114288
-102.363961
-102.786901
-102.974928
-103.235628
-103.159251
-103.056417
-102.530370
-101.911728
-100.838215
-99.684957
-98.144808
-96.646181
-94.909694
-93.335012
-91.599580
-90.064101
-88.373280
-86.852545
-85.110865
-83.431428
-81.398834
-79.318182
-76.831130
-74.298999
-71.413936
-68.571909
-65.487695
-62.563031
-59.507270
-56.699644
-53.817083
-51.195422
-48.469841
-45.939633
-43.227838
-40.652424
-37.871785
-35.223914
-32.369527
-29.625539
-26.621434
-23.654513
-20.364994
-17.075832
-13.463715
-9.885941
-6.048953
-2.324821
1.579401
5.315960
9.226172
13.047118
17.207767
21.449613
26.113881
30.844380
35.900927
40.871960
45.984415
50.815742
55.595233
59.919527
64.053065
67.651272
71.057787
74.022680
76.982022
79.724305
82.617099
85.354675
88.232516
90.897015
93.613894
96.015628
98.361003
100.291710
102.100253
103.478442
104.761921
105.675859
106.572793
107.184488
107.859165
108.321244
108.904771
109.316607
109.865244
110.231588
110.698417
110.934128
111.225027
111.255501
111.324259
111.125323
110.957486
110.511644
110.085362
109.376083
108.687530
107.727623
106.808806
105.647683
104.559295
103.259689
102.052203
100.631071
99.258782
97.587670
95.878227
93.827975
91.747511
89.376935
87.054742
84.537948
82.169391
79.704062
77.473192
75.213371
73.225614
71.208383
69.417584
67.510086
65.727325
63.766184
61.919057
59.921128
58.085203
56.152106
54.427552
52.640662
51.080009
49.458972
48.050703
46.559702
45.254092
43.840679
42.591303
41.219226
39.999576
38.649389
37.445188
36.108082
34.917642
33.600246
32.437846
31.159113
30.043610
28.816842
27.751118
26.565726
25.525249
24.346099
23.294250
22.094349
21.019938
19.804482
18.726704
17.524111
16.473241
15.308237
14.299198
13.175684
12.202124
11.105589
10.147497
9.054929
8.088173
6.975709
5.978384
4.828214
3.788482
2.595978
1.516963
0.292630
-0.809159
-2.045105
-3.148663
-4.377561
-5.469408
-6.684988
-7.766804
-8.977108
-10.059028
-11.272280
-12.358984
-13.576041
-14.664946
-15.880769
-16.965823
-18.175210
-19.253853
-20.457862
-21.534672
-22.740505
-23.824003
-25.040309
-26.138611
-27.373062
-28.494174
-29.756360
-30.912930
-32.219808
-33.432516
-34.805162
-36.091553
-37.541343
-38.905077
-40.427458
-41.856375
-43.433093
-44.904904
-46.511893
-48.002588
-49.616537
-51.103630
-52.703668
-54.169078
-55.740946
-57.175022
-58.714250
-60.118166
-61.632064
-63.020349
-64.533017
-65.939752
-67.490699
-68.955733
-70.582483
-72.138390
-73.865234
-75.524535
-77.349067
-79.092145
-80.976517
-82.747798
-84.620918
-86.337885
-88.111994
-89.690187
-91.294934
-92.690674
-94.121504
-95.379840
-96.731011
-97.964365
-99.318297
-100.555141
-101.890213
-103.071180
-104.304507
-105.337563
-106.380896
-107.192163
-107.993291
-108.555086
-109.108081
-109.427973
-109.744455
-109.832671
-109.920968
-109.790073
-109.679306
-109.383301
-109.148817
-108.771587
-108.489965
-108.087405
-107.786343
-107.357224
-107.011951
-106.518527
-106.093678
-105.523052
-105.052543
-104.506300
-104.139890
-103.739454
-103.503697
-103.167849
-102.891374
-102.391220
-101.820646
-100.902293
-99.803457
-98.272582
-96.512311
-94.318417
-91.946758
-89.248848
-86.525558
-83.641853
-80.869723
-78.036808
-75.379000
-72.688268
-70.160264
-67.544567
-64.989447
-62.211817
-59.377872
-56.266264
-53.103669
-49.716374
-46.361498
-42.881691
-39.535454
-36.156434
-32.982211
-29.818680
-26.870051
-23.912314
-21.126727
-18.279541
-15.551731
-12.716496
-9.955608
-7.035229
-4.128317
-1.003270
2.152833
5.545174
8.957527
12.565417
16.130234
19.814078
23.380986
27.012939
30.518405
34.148914
37.799840
41.754219
45.842755
50.249632
54.718930
59.367150
63.899240
68.412852
72.613031
76.611447
80.144603
83.372219
86.098235
88.562076
90.651780
92.674400
94.526492
96.448916
98.264522
100.158924
101.915806
103.693123
105.257598
106.755552
107.954037
109.024762
109.779783
110.429666
110.814050
111.157679
111.305947
111.481357
111.523144
111.640830
111.656289
111.756222
111.740480
111.776458
111.653858
111.537704
111.223435
110.881658
110.312698
109.691787
108.829494
107.914662
106.774067
105.607859
104.252286
102.912904
101.428440
99.999632
98.453628
96.967665
95.333880
93.685299
91.797942
89.835653
87.622242
85.362243
82.912285
80.496581
77.982337
75.594191
73.193547
70.990307
68.824102
66.873653
64.942793
63.172440
61.337880
59.580371
57.712643
55.914880
54.027394
52.245813
50.416539
48.731123
47.026239
45.479660
43.915718
42.501022
41.053788
39.737384
38.371223
37.120274
35.807126
34.598469
33.319885
32.140521
30.890561
29.742933
28.532325
27.433479
26.281995
25.249952
24.169436
23.206414
22.187680
21.273430
20.287592
19.389305
18.406589
17.503254
16.512950
15.602973
14.610354
13.703202
12.719362
11.825672
10.859203
9.984235
9.036548
8.178300
7.244687
6.396461
5.469121
4.623182
3.695866
2.848899
1.922200
1.078827
0.160675
-0.669276
-1.569048
-2.377801
-3.255370
-4.044470
-4.907434
-5.690310
-6.556779
-7.354223
-8.244808
-9.073985
-10.000112
-10.865857
-11.825728
-12.720111
-13.700709
-14.607127
-15.590241
-16.491569
-17.464151
-18.353496
-19.315609
-20.199790
-21.163861
-22.058590
-23.039978
-23.956800
-24.961761
-25.901916
-26.927888
-27.886750
-28.928913
-29.903044
-30.960253
-31.950710
-33.025432
-34.035869
-35.133979
-36.174342
-37.312095
-38.406283
-39.613532
-40.792841
-42.096881
-43.379486
-44.785582
-46.161888
-47.645681
-49.078700
-50.594381
-52.034509
-53.534420
-54.941468
-56.397404
-57.758344
-59.174042
-60.509027
-61.918462
-63.268060
-64.706351
-66.091975
-67.566684
-68.985102
-70.485873
-71.923514
-73.437177
-74.884225
-76.406234
-77.864017
-79.400713
-80.878279
-82.437959
-83.938724
-85.515715
-87.021649
-88.584679
-90.053606
-91.555507
-92.944708
-94.360209
-95.677905
-97.061896
-98.401799
-99.849872
-101.273406
-102.799686
-104.273260
-105.802230
-107.219412
-108.628365
-109.866778
-111.049092
-112.030028
-112.943151
-113.662297
-114.335540
-114.840566
-115.308929
-115.601284
-115.843491
-115.904609
-115.930207
-115.820080
-115.753434
-115.648543
-115.671977
-115.712719
-115.900953
-116.090172
-116.379038
-116.599676
-116.840848
-116.943925
-117.031618
-117.011824
-117.063565
-117.087124
-117.215188
-117.302633
-117.444032
-117.469690
-117.459309
-117.238287
-116.887890
-116.245561
-115.415804
-114.275415
-112.980153
-111.467327
-109.938485
-108.324879
-106.779497
-105.184684
-103.649934
-102.016391
-100.349971
-98.450982
-96.374058
-93.960388
-91.326541
-88.375843
-85.277690
-81.973699
-78.653197
-75.261437
-71.975948
-68.719094
-65.633739
-62.598395
-59.707266
-56.795253
-53.939069
-51.002868
-48.103097
-45.128512
-42.199917
-39.190547
-36.184654
-33.008223
-29.721705
-26.176253
-22.480179
-18.537764
-14.504575
-10.320505
-6.157630
-1.951403
2.161463
6.315279
10.487418
14.902919
19.505665
24.415766
29.478193
34.734004
39.978498
45.225742
50.264002
55.113946
59.588547
63.753427
67.493702
70.967922
74.168622
77.332421
80.427506
83.588260
86.689615
89.799165
92.747420
95.574973
98.102076
100.382913
102.282958
103.912417
105.189584
106.264888
107.080929
107.794787
108.343769
108.871911
109.301846
109.758895
110.141707
110.545426
110.838820
111.099536
111.204906
111.249899
111.127041
110.940636
110.586645
110.163287
109.554798
108.854584
107.958149
106.973696
105.812384
104.594925
103.241216
101.873174
100.404788
98.939069
97.358424
95.715551
93.854679
91.849943
89.601334
87.233837
84.687971
82.113395
79.463601
76.889787
74.339773
71.949176
69.640907
67.512694
65.441300
63.472489
61.447898
59.429944
57.316298
55.219020
53.069826
50.998723
48.940744
47.015381
45.140885
43.416022
41.739540
40.193392
38.666658
37.238222
35.801782
34.443360
33.064328
31.754505
30.417524
29.144388
27.842297
26.606351
25.349135
24.168984
22.980142
21.878449
20.773500
19.753241
18.719411
17.751811
16.748017
15.788795
14.778591
13.805548
12.782033
11.801764
10.781501
9.816059
8.821988
7.890692
6.934509
6.039896
5.116402
4.247992
3.343751
2.487195
1.588546
0.732087
-0.169660
-1.030521
-1.934944
-2.794874
-3.692680
-4.540271
-5.420447
-6.247883
-7.108444
-7.921549
-8.776990
-9.598332
-10.476874
-11.335395
-12.260310
-13.169093
-14.141811
-15.091014
-16.092120
-17.055610
-18.056485
-19.008599
-19.990918
-20.922578
-21.886797
-22.807229
-23.769741
-24.700280
-25.684193
-26.645778
-27.667010
-28.669710
-29.732795
-30.776580
-31.878377
-32.958614
-34.094487
-35.207575
-36.375173
-37.519751
-38.719234
-39.898747
-41.139168
-42.370661
-43.678321
-44.995280
-46.405419
-47.838258
-49.370792
-50.925299
-52.570369
-54.221756
-55.942707
-57.646809
-59.396381
-61.107110
-62.844521
-64.530267
-66.236546
-67.893935
-69.583496
-71.246172
-72.970506
-74.697521
-76.507327
-78.331627
-80.240575
-82.157580
-84.144997
-86.121053
-88.143896
-90.130195
-92.137106
-94.082293
-96.023720
-97.881045
-99.713601
-101.444821
-103.139586
-104.731802
-106.300383
-107.799696
-109.325869
-110.830626
-112.389607
-113.932526
-115.513989
-117.046749
-118.571698
-119.993411
-121.348998
-122.546237
-123.631755
-124.531505
-125.315498
-125.934619
-126.476927
-126.892923
-127.245039
-127.455561
-127.569475
-127.506303
-127.322150
-126.962112
-126.516141
-125.955356
-125.370638
-124.720520
-124.078051
-123.384324
-122.696789
-121.946590
-121.186409
-120.352218
-119.509849
-118.621220
-117.766350
-116.876525
-115.986394
-114.998732
-113.930733
-112.680069
-111.267751
-109.603987
-107.727524
-105.573747
-103.212541
-100.618438
-97.902767
-95.080980
-92.284423
-89.505394
-86.825533
-84.188529
-81.628483
-79.043658
-76.420404
-73.624096
-70.658080
-67.446671
-64.056467
-60.467428
-56.787352
-53.021846
-49.287685
-45.588779
-42.030173
-38.594557
-35.352504
-32.240596
-29.278020
-26.358939
-23.494103
-20.615500
-17.777832
-14.941204
-12.168912
-9.409491
-6.693987
-3.925716
-1.108120
1.837023
4.867192
8.019191
11.214570
14.464239
17.679740
20.878723
24.002903
27.122398
30.259339
33.544220
36.963577
40.559055
44.238264
47.981344
51.658453
55.232420
58.575350
61.666574
64.412056
66.841043
68.927487
70.777054
72.441367
74.067121
75.665489
77.298978
78.906775
80.496698
81.970804
83.312248
84.417714
85.296840
85.897370
86.279970
86.434080
86.446193
86.315492
86.123129
85.859162
85.595798
85.314872
85.074496
84.833021
84.617411
84.356959
84.065244
83.682790
83.239952
82.691092
82.074971
81.348535
80.544764
79.609091
78.569803
77.387050
76.107348
74.706491
73.243003
71.700809
70.139187
68.535700
66.931639
65.276097
63.567488
61.721674
59.751647
57.618484
55.378501
53.028426
50.647281
48.243932
45.898314
43.612232
41.448723
39.384822
37.449607
35.582909
33.776216
31.950848
30.119888
28.247370
26.380474
24.505914
22.680784
20.891426
19.184691
17.532905
15.967000
14.446128
12.991621
11.559552
10.173096
8.795124
7.454211
6.115883
4.807322
3.493167
2.202027
0.903887
-0.366829
-1.633934
-2.859716
-4.066926
-5.220927
-6.349545
-7.425868
-8.485088
-9.507470
-10.532357
-11.541436
-12.569918
-13.593380
-14.640120
-15.680798
-16.739523
-17.785236
-18.841034
-19.877414
-20.919675
-21.941523
-22.970272
-23.982222
-25.006221
-26.020612
-27.054618
-28.086163
-29.141650
-30.196087
-31.271859
-32.341203
-33.423976
-34.492224
-35.566449
-36.621643
-37.681416
-38.724984
-39.778884
-40.824883
-41.889711
-42.954812
-44.045045
-45.141313
-46.267773
-47.405137
-48.575651
-49.757921
-50.970293
-52.188067
-53.426495
-54.660146
-55.904363
-57.136629
-58.376360
-59.607496
-60.855586
-62.110974
-63.401774
-64.715646
-66.072896
-67.453317
-68.869348
-70.295802
-71.742068
-73.183673
-74.632403
-76.068690
-77.508961
-78.938671
-80.377285
-81.812853
-83.265780
-84.725929
-86.214849
-87.723690
-89.272922
-90.851274
-92.473598
-94.122251
-95.804507
-97.497638
-99.206937
-100.913048
-102.627440
-104.340423
-106.073218
-107.825417
-109.620480
-111.452062
-113.332948
-115.247615
-117.201422
-119.176564
-121.180095
-123.200824
-125.252688
-127.330650
-129.450370
-131.606177
-133.812927
-136.070641
-138.404775
-140.828088
-143.373070
-146.051275
-148.882541
-151.858517
-154.973501
-158.194482
-161.493127
-164.822153
-168.148730
-171.444176
-174.726132
-178.059425
-181.544582
-185.227122
-189.123926
-193.203200
-197.425704
-201.732143
-206.072859
-210.385322
-214.611881
-218.683057
-222.547993
-226.183890
-229.643195
-233.052129
-236.511339
-240.019290
-243.540638
-247.012451
-250.383970
-253.603500
-256.628895
-259.410481
-261.906117
-264.089421
-265.975775
-267.643554
-269.188378
-270.633616
-271.963825
-273.136513
-274.108575
-274.832391
-275.267028
-275.374381
-275.135787
-274.557522
-273.691383
-272.602524
-271.312262
-269.802759
-268.021382
-265.896562
-263.342839
-260.283656
-256.658382
-252.448485
-247.676231
-242.421949
-236.793713
-230.900550
-224.814812
-218.589932
-212.220806
-205.648791
-198.695229
-191.160248
-182.935204
-174.018718
-164.484035
-154.458877
-144.073343
-133.455413
-122.712150
-111.964058
-101.321138
-90.889003
-80.690966
-70.633305
-60.446219
-49.937306
-39.085864
-27.967540
-16.689567
-5.370235
5.888103
16.967676
27.758130
38.140309
48.062005
57.546080
66.782449
75.985560
85.247838
94.547868
103.819259
112.959457
121.870873
130.446069
138.608881
146.311628
153.588371
160.554169
167.373110
174.102395
180.739744
187.205314
193.411129
199.235704
204.590455
209.389741
213.619079
217.298387
220.541160
223.475564
226.221283
228.809259
231.253042
233.495001
235.472034
237.042431
238.091747
238.543866
238.420830
237.773676
236.717808
235.342407
233.743491
231.963925
230.069280
228.090161
226.084122
224.048490
221.956994
219.674235
217.129041
214.301654
211.242792
207.987502
204.604405
201.128470
197.635998
194.176665
190.837907
187.642055
184.595713
181.584640
178.505181
175.282453
171.930534
168.459824
164.934909
161.392650
157.909912
154.518639
151.266405
148.123548
145.046771
141.933313
138.765036
135.521511
132.253996
128.985426
125.787255
122.680698
119.719582
116.891703
114.205532
111.594515
109.023910
106.434408
103.848236
101.262595
98.735417
96.274813
93.932195
91.696993
89.595280
87.587605
85.674513
83.797827
81.954921
80.105097
78.274806
76.446215
74.659255
72.897510
71.191482
69.508091
67.863116
66.216056
64.587638
62.947251
61.326283
59.701245
58.106991
56.517718
54.962379
53.406593
51.875776
50.338589
48.827894
47.319099
45.850397
44.397675
42.996512
41.616249
40.285053
38.964128
37.676190
36.379791
35.100859
33.803735
32.521169
31.221908
29.941594
28.647996
27.373507
26.081517
24.803070
23.501424
22.210002
20.894486
19.591326
18.267346
16.959267
15.631535
14.317968
12.980601
11.655582
10.308430
8.979714
7.637926
6.326017
5.012153
3.737976
2.468192
1.240577
0.014257
-1.177552
-2.379872
-3.560199
-4.761238
-5.944584
-7.147179
-8.324813
-9.512491
-10.667276
-11.828839
-12.959255
-14.104218
-15.229989
-16.384848
-17.533619
-18.721914
-19.910167
-21.140460
-22.369653
-23.638081
-24.901056
-26.199439
-27.489310
-28.813716
-30.129747
-31.480440
-32.820172
-34.190240
-35.543972
-36.924504
-38.288308
-39.684106
-41.073673
-42.509222
-43.949331
-45.439561
-46.929589
-48.458024
-49.969369
-51.501297
-53.000366
-54.510743
-55.987489
-57.485761
-58.970972
-60.507017
-62.058646
-63.679957
-65.321752
-67.026140
-68.733855
-70.482328
-72.212042
-73.964926
-75.686949
-77.426868
-79.135869
-80.867222
-82.573938
-84.310906
-86.032396
-87.796451
-89.559085
-91.378593
-93.207227
-95.097090
-96.990852
-98.931417
-100.854333
-102.802496
-104.717249
-106.654236
-108.571231
-110.542516
-112.535049
-114.616465
-116.736389
-118.943366
-121.168156
-123.446912
-125.707081
-127.993083
-130.246267
-132.528099
-134.794268
-137.115420
-139.447272
-141.854317
-144.287306
-146.819436
-149.418240
-152.171865
-155.050114
-158.128651
-161.351129
-164.760977
-168.268361
-171.886572
-175.499603
-179.101902
-182.579213
-185.975268
-189.310902
-192.787043
-196.408586
-200.218712
-204.079648
-207.971405
-211.778912
-215.567032
-219.311312
-223.121281
-226.935236
-230.759673
-234.411059
-237.845928
-240.965824
-244.001627
-247.052092
-250.144889
-253.124755
-255.958326
-258.549509
-260.976886
-263.220782
-265.364071
-267.313136
-269.039708
-270.353020
-271.204319
-271.486941
-271.311838
-270.743259
-269.954888
-268.921650
-267.719928
-266.266949
-264.599277
-262.606408
-260.308663
-257.593914
-254.497759
-250.932682
-246.953191
-242.468401
-237.514509
-231.986678
-225.931415
-219.281971
-212.141922
-204.502296
-196.512433
-188.191742
-179.702381
-171.061749
-162.396381
-153.621769
-144.623269
-135.045265
-124.847235
-114.025656
-102.848132
-91.444645
-80.025630
-68.526520
-56.948175
-45.114166
-33.084198
-20.881924
-8.810448
3.003790
14.427203
25.881872
37.627761
49.673529
61.758439
73.751021
85.492176
97.063852
108.463377
119.798923
130.953004
141.854927
152.240715
162.021163
171.076378
179.585188
187.713699
195.714100
203.538050
211.230314
218.644080
225.783341
232.495500
238.798683
244.571616
249.876725
254.639390
258.957542
262.769055
266.166101
269.076830
271.597099
273.673711
275.427861
276.823816
277.986215
278.869026
279.580661
280.056451
280.378320
280.433474
280.198459
279.446551
278.215569
276.476631
274.437733
272.142947
269.764434
267.229042
264.585205
261.691415
258.621052
255.334416
252.031906
248.730089
245.548241
242.229843
238.698151
234.904426
231.035461
227.115555
223.281917
219.448808
215.667528
211.826747
208.020326
204.210650
200.552941
197.016002
193.693592
190.438977
187.225289
183.890682
180.533297
177.104115
173.746550
170.415297
167.237697
164.144767
161.237171
158.418847
155.768218
153.174188
150.710540
148.268309
145.926459
143.577217
141.299670
138.988253
136.731538
134.438842
132.216267
129.985010
127.856711
125.749614
123.766953
121.813495
119.978205
118.151486
116.412267
114.645455
112.932261
111.167677
109.450650
107.690370
105.993824
104.269631
102.618684
100.941067
99.332016
97.687911
96.104008
94.477359
92.904642
91.281544
89.703531
88.065497
86.465902
84.804965
83.190224
81.531468
79.946026
78.348011
76.853219
75.367447
73.995160
72.627884
71.357130
70.063051
68.831816
67.545679
66.301369
64.991983
63.723981
62.396187
61.118201
59.787801
58.512250
57.185146
55.911075
54.581761
53.303187
51.968339
50.684588
49.343953
48.052672
46.700987
45.396590
44.032468
42.721399
41.360191
40.064532
38.730706
37.472309
36.180747
34.965513
33.713122
32.529439
31.297168
30.120725
28.881950
27.687278
26.421099
25.193154
23.888955
22.619677
21.271221
19.955726
18.558296
17.190848
15.736213
14.303736
12.773061
11.253185
9.624254
7.998574
6.260369
4.529237
2.697600
0.894424
-0.981316
-2.796441
-4.652806
-6.421240
-8.212550
-9.908631
-11.634052
-13.283755
-14.992956
-16.656330
-18.401816
-20.114347
-21.914003
-23.678236
-25.522511
-27.320501
-29.186616
-30.993715
-32.857283
-34.650607
-36.490697
-38.251089
-40.049733
-41.759679
-43.499249
-45.140685
-46.803038
-48.359803
-49.935411
-51.412151
-52.931068
-54.388015
-55.922129
-57.415041
-58.989759
-60.509806
-62.082609
-63.558108
-65.036051
-66.363667
-67.646846
-68.746359
-69.788574
-70.654681
-71.489117
-72.178248
-72.852096
-73.372026
-73.853128
-74.155308
-74.408487
-74.501093
-74.601291
-74.623074
-74.736116
-74.837688
-75.073000
-75.309583
-75.664449
-75.978967
-76.351398
-76.613512
-76.870622
-76.984884
-77.125972
-77.202248
-77.364120
-77.474578
-77.647082
-77.716532
-77.781597
-77.669576
-77.478788
-77.039994
-76.463843
-75.603052
-74.604925
-73.368100
-72.092263
-70.709432
-69.400588
-68.042976
-66.767478
-65.408518
-64.060515
-62.521922
-60.868157
-58.917351
-56.791169
-54.357801
-51.787471
-48.986124
-46.149960
-43.195520
-40.317769
-37.418428
-34.666573
-31.925759
-29.321985
-26.675472
-24.087215
-21.388763
-18.716728
-15.929471
-13.173738
-10.296909
-7.414454
-4.327872
-1.130253
2.356898
5.998057
9.926049
13.959753
18.196364
22.430488
26.753164
30.973274
35.227239
39.406530
43.768895
48.270263
53.099390
58.096889
63.357627
68.652998
74.039646
79.270872
84.402295
89.197179
93.738646
97.837291
101.650361
105.080260
108.386202
111.535296
114.747799
117.885512
121.079272
124.128303
127.125413
129.850164
132.399069
134.582356
136.544569
138.143928
139.567300
140.700830
141.745593
142.587744
143.421546
144.120945
144.865635
145.507994
146.201515
146.768204
147.338745
147.729937
148.083330
148.227093
148.312628
148.172340
147.956435
147.489647
146.925722
146.107840
145.209020
144.084461
142.918086
141.571216
140.230776
138.753840
137.316146
135.749875
134.190989
132.416233
130.537527
128.372485
126.095805
123.575003
121.021741
118.323101
115.699460
113.035935
110.544911
108.093574
105.867461
103.694048
101.712747
99.701159
97.769781
95.719417
93.717365
91.611054
89.598689
87.541418
85.636520
83.730904
82.003256
80.279292
78.720310
77.139626
75.694956
74.201189
72.822916
71.381315
70.046663
68.642347
67.341557
65.970291
64.706985
63.382090
62.178826
60.928789
59.814438
58.661977
57.647032
56.586049
55.646230
54.635847
53.719292
52.708054
51.776194
50.744174
49.795048
48.754783
47.810536
46.788331
45.873770
44.887736
44.011872
43.062861
42.220663
41.300000
40.480829
39.576954
38.769166
37.871444
37.066866
36.171077
35.370454
34.482237
33.694702
32.824208
32.057894
31.208224
30.458834
29.617100
28.863527
28.002414
27.214960
26.308482
25.471402
24.517503
23.642465
22.664037
21.779324
20.802911
19.928670
18.966005
18.104945
17.150127
16.288913
15.322801
14.438352
13.435985
12.503829
11.444297
10.450657
9.329403
8.278452
7.106227
6.012298
4.803719
3.678857
2.441859
1.290286
0.027225
-1.149257
-2.437802
-3.642040
-4.965320
-6.216244
-7.604267
-8.939138
-10.429176
-11.878562
-13.488841
-15.054454
-16.768327
-18.415902
-20.184677
-21.856251
-23.619220
-25.258625
-26.971560
-28.552972
-30.213002
-31.758655
-33.411283
-34.978002
-36.670305
-38.281546
-40.013033
-41.649172
-43.387108
-45.008860
-46.713610
-48.286284
-49.932033
-51.440646
-53.022297
-54.468657
-55.991793
-57.382304
-58.851222
-60.185674
-61.594441
-62.861831
-64.197368
-65.388166
-66.652390
-67.789689
-69.031009
-70.175280
-71.445190
-72.625560
-73.923564
-75.106